2.227436447143554688e+01
2.248536491394042969e+01
2.248536491394042969e+01
2.248536491394042969e+01
2.255622863769531250e+01
2.255622863769531250e+01
2.255622863769531250e+01
2.255622863769531250e+01
2.255622863769531250e+01
2.255622863769531250e+01
2.234915733337402344e+01
2.234915733337402344e+01
2.234915733337402344e+01
2.231684112548828125e+01
2.231684112548828125e+01
2.231684112548828125e+01
2.231684112548828125e+01
2.065209388732910156e+01
2.065209388732910156e+01
2.065209388732910156e+01
2.065209388732910156e+01
2.065209388732910156e+01
2.065209388732910156e+01
2.065209388732910156e+01
2.065209388732910156e+01
2.254216957092285156e+01
2.254216957092285156e+01
2.089359092712402344e+01
2.089359092712402344e+01
2.089359092712402344e+01
2.092539024353027344e+01
2.092539024353027344e+01
2.092539024353027344e+01
2.092539024353027344e+01
2.092539024353027344e+01
2.092539024353027344e+01
2.202590179443359375e+01
2.279430770874023438e+01
2.279430770874023438e+01
2.279430770874023438e+01
2.279430770874023438e+01
2.231950759887695312e+01
2.149550819396972656e+01
2.149550819396972656e+01
2.087704658508300781e+01
2.109648323059082031e+01
2.170720863342285156e+01
2.170720863342285156e+01
2.170720863342285156e+01
2.170720863342285156e+01
2.170720863342285156e+01
2.170720863342285156e+01
2.170720863342285156e+01
2.170720863342285156e+01
2.075272178649902344e+01
2.076088714599609375e+01
2.076088714599609375e+01
2.076088714599609375e+01
2.076088714599609375e+01
2.076088714599609375e+01
2.107509231567382812e+01
2.107509231567382812e+01
2.206223869323730469e+01
2.295766067504882812e+01
2.108739662170410156e+01
2.108739662170410156e+01
2.108739662170410156e+01
2.108739662170410156e+01
2.108739662170410156e+01
2.108739662170410156e+01
2.108739662170410156e+01
2.108739662170410156e+01
2.104871749877929688e+01
2.104871749877929688e+01
2.104871749877929688e+01
2.104871749877929688e+01
2.104871749877929688e+01
2.104871749877929688e+01
2.104871749877929688e+01
2.165891456604003906e+01
2.165891265869140625e+01
2.165891456604003906e+01
2.165891265869140625e+01
2.117026519775390625e+01
2.117026519775390625e+01
2.117026519775390625e+01
2.117026519775390625e+01
2.117026519775390625e+01
2.170492362976074219e+01
2.170492362976074219e+01
2.157402801513671875e+01
2.157402801513671875e+01
2.157402801513671875e+01
2.157402801513671875e+01
2.381326484680175781e+01
2.381326484680175781e+01
2.381326484680175781e+01
2.193301582336425781e+01
2.193301582336425781e+01
2.193301582336425781e+01
2.193301582336425781e+01
2.090657234191894531e+01
2.090657234191894531e+01
2.090657234191894531e+01
2.090657234191894531e+01
2.085618400573730469e+01
2.085618400573730469e+01
2.120753097534179688e+01
2.120753097534179688e+01
2.171061325073242188e+01
2.171061325073242188e+01
2.171061325073242188e+01
2.171061325073242188e+01
2.171061325073242188e+01
2.171061325073242188e+01
2.171061325073242188e+01
2.171061325073242188e+01
2.171061325073242188e+01
2.171061325073242188e+01
2.171061325073242188e+01
2.171061325073242188e+01
2.171061325073242188e+01
2.171061325073242188e+01
2.151613616943359375e+01
2.151613616943359375e+01
2.151613616943359375e+01
2.151613616943359375e+01
2.209666633605957031e+01
2.209666633605957031e+01
2.209666633605957031e+01
2.209666633605957031e+01
2.173813438415527344e+01
2.119676399230957031e+01
2.364957237243652344e+01
2.364957237243652344e+01
2.364957237243652344e+01
2.364957237243652344e+01
2.364957237243652344e+01
2.364957237243652344e+01
2.190652465820312500e+01
2.190652465820312500e+01
2.190652465820312500e+01
2.190652465820312500e+01
2.190652465820312500e+01
2.190652465820312500e+01
2.190652465820312500e+01
2.190652465820312500e+01
2.190652465820312500e+01
2.190652465820312500e+01
2.190652465820312500e+01
2.190652465820312500e+01
2.190652465820312500e+01
2.190652465820312500e+01
2.190652465820312500e+01
2.190652465820312500e+01
2.214055633544921875e+01
2.214055633544921875e+01
2.214055633544921875e+01
2.214055633544921875e+01
2.214055633544921875e+01
2.214055633544921875e+01
2.214055633544921875e+01
2.214055633544921875e+01
2.214055633544921875e+01
2.214055633544921875e+01
2.154458999633789062e+01
2.092355728149414062e+01
2.092355728149414062e+01
2.245308876037597656e+01
2.245308876037597656e+01
2.245308876037597656e+01
2.245308876037597656e+01
2.124730682373046875e+01
2.124730682373046875e+01
2.136775588989257812e+01
2.136775779724121094e+01
2.136775588989257812e+01
2.136775779724121094e+01
2.136775588989257812e+01
2.136775779724121094e+01
2.152972221374511719e+01
2.152972221374511719e+01
2.152972221374511719e+01
2.113904190063476562e+01
2.113904190063476562e+01
2.113904190063476562e+01
2.113904190063476562e+01
2.195060539245605469e+01
2.195060539245605469e+01
2.112868118286132812e+01
2.112868118286132812e+01
2.112868118286132812e+01
2.112868118286132812e+01
2.112868118286132812e+01
2.190907478332519531e+01
2.131599998474121094e+01
2.131599807739257812e+01
2.131599998474121094e+01
2.131599807739257812e+01
2.131599998474121094e+01
2.133035659790039062e+01
2.133035659790039062e+01
2.133035659790039062e+01
2.133035659790039062e+01
2.133035659790039062e+01
2.133035659790039062e+01
2.133035659790039062e+01
2.133035659790039062e+01
2.133035659790039062e+01
2.142333793640136719e+01
2.142333793640136719e+01
2.142333793640136719e+01
2.142333793640136719e+01
2.142333793640136719e+01
2.142333793640136719e+01
2.189542961120605469e+01
2.189542961120605469e+01
2.266132545471191406e+01
2.266132545471191406e+01
2.266132545471191406e+01
2.266132545471191406e+01
2.268998527526855469e+01
2.268998527526855469e+01
2.268998527526855469e+01
2.171250343322753906e+01
2.171250343322753906e+01
2.171250343322753906e+01
2.171250343322753906e+01
2.211630821228027344e+01
2.211630821228027344e+01
2.211630821228027344e+01
2.211630821228027344e+01
2.211630821228027344e+01
2.211630821228027344e+01
2.211630821228027344e+01
2.211630821228027344e+01
2.123775100708007812e+01
2.123775100708007812e+01
2.123775100708007812e+01
2.216327857971191406e+01
2.216327857971191406e+01
2.233673095703125000e+01
2.233673095703125000e+01
2.233673095703125000e+01
2.233673095703125000e+01
2.100856208801269531e+01
2.100856208801269531e+01
2.130389976501464844e+01
2.130389976501464844e+01
2.130389976501464844e+01
2.130389976501464844e+01
2.130389976501464844e+01
2.130389976501464844e+01
2.130389976501464844e+01
2.130389976501464844e+01
2.130389976501464844e+01
2.132698249816894531e+01
2.132698249816894531e+01
2.168892860412597656e+01
2.168892860412597656e+01
2.168892860412597656e+01
2.168892860412597656e+01
2.168892860412597656e+01
2.098019027709960938e+01
2.098019218444824219e+01
2.098019027709960938e+01
2.238431167602539062e+01
2.238431167602539062e+01
2.238431167602539062e+01
2.238431167602539062e+01
2.150599479675292969e+01
2.150599479675292969e+01
2.150599479675292969e+01
2.150599479675292969e+01
2.150599479675292969e+01
2.150599479675292969e+01
2.150599479675292969e+01
2.150599479675292969e+01
2.150599479675292969e+01
2.171863365173339844e+01
2.132316780090332031e+01
2.265391921997070312e+01
2.265391921997070312e+01
2.215294075012207031e+01
2.215294075012207031e+01
2.118402099609375000e+01
2.118402099609375000e+01
2.118402099609375000e+01
2.118402099609375000e+01
2.118402099609375000e+01
2.118402099609375000e+01
2.118402099609375000e+01
2.118402099609375000e+01
2.118402099609375000e+01
2.118402099609375000e+01
2.189253997802734375e+01
2.189253997802734375e+01
2.189253997802734375e+01
2.189253997802734375e+01
2.189253997802734375e+01
2.189253997802734375e+01
2.189253997802734375e+01
2.189253997802734375e+01
2.189253997802734375e+01
2.149419403076171875e+01
2.184795761108398438e+01
2.184795761108398438e+01
2.129651641845703125e+01
2.129651641845703125e+01
2.129651641845703125e+01
2.129651641845703125e+01
2.129651641845703125e+01
2.129651641845703125e+01
2.250746536254882812e+01
2.250746536254882812e+01
2.093662834167480469e+01
2.093662834167480469e+01
2.163802528381347656e+01
2.163802528381347656e+01
2.163802528381347656e+01
2.187620925903320312e+01
2.187620925903320312e+01
2.187620925903320312e+01
2.187620925903320312e+01
2.187620925903320312e+01
2.225247001647949219e+01
2.225247001647949219e+01
2.225247001647949219e+01
2.225247001647949219e+01
2.225247001647949219e+01
2.225247001647949219e+01
2.241451454162597656e+01
2.127668380737304688e+01
2.101086044311523438e+01
2.101086044311523438e+01
2.101086044311523438e+01
2.151297187805175781e+01
2.151297187805175781e+01
2.151297187805175781e+01
2.151297187805175781e+01
2.151297187805175781e+01
2.151297187805175781e+01
2.151297187805175781e+01
2.098904609680175781e+01
2.098904609680175781e+01
2.098904609680175781e+01
2.098904609680175781e+01
2.098904609680175781e+01
2.209199333190917969e+01
2.209199333190917969e+01
2.209199333190917969e+01
2.203552436828613281e+01
2.203552436828613281e+01
2.203552436828613281e+01
2.203552436828613281e+01
2.203552436828613281e+01
2.168184089660644531e+01
2.168184089660644531e+01
2.170004272460937500e+01
2.170004272460937500e+01
2.124918365478515625e+01
2.124918365478515625e+01
2.124918365478515625e+01
2.117283439636230469e+01
2.117283439636230469e+01
2.117283439636230469e+01
2.117283439636230469e+01
2.117283439636230469e+01
2.117283439636230469e+01
2.117283439636230469e+01
2.117283439636230469e+01
2.116848754882812500e+01
2.116848754882812500e+01
2.116848754882812500e+01
2.116848754882812500e+01
2.116848754882812500e+01
2.116848754882812500e+01
2.116848754882812500e+01
2.116848754882812500e+01
2.116848754882812500e+01
2.116848754882812500e+01
2.116848754882812500e+01
2.182359695434570312e+01
2.182359695434570312e+01
2.169748687744140625e+01
2.169748687744140625e+01
2.169748687744140625e+01
2.169748687744140625e+01
2.169748687744140625e+01
2.169748687744140625e+01
2.169748687744140625e+01
2.114102363586425781e+01
2.113855934143066406e+01
2.113855934143066406e+01
2.135569000244140625e+01
2.135569000244140625e+01
2.135569000244140625e+01
2.135569000244140625e+01
2.135569000244140625e+01
2.135569000244140625e+01
2.169167900085449219e+01
2.169167900085449219e+01
2.169167900085449219e+01
