5.350828170776367188e+00
4.806199550628662109e+00
4.806199550628662109e+00
4.806199550628662109e+00
5.882308959960937500e+00
5.882308959960937500e+00
5.882308959960937500e+00
5.882308959960937500e+00
5.882308959960937500e+00
5.882308959960937500e+00
5.837645053863525391e+00
5.837645053863525391e+00
5.837645053863525391e+00
6.193841934204101562e+00
6.193841934204101562e+00
6.193841934204101562e+00
6.193841934204101562e+00
3.467221736907958984e+00
3.467221736907958984e+00
3.467221736907958984e+00
3.467221736907958984e+00
3.467221736907958984e+00
3.467221736907958984e+00
3.467221736907958984e+00
3.467221736907958984e+00
6.681866645812988281e+00
6.681866645812988281e+00
3.821063756942749023e+00
3.821063756942749023e+00
3.821063756942749023e+00
3.800822496414184570e+00
3.800822496414184570e+00
3.800822496414184570e+00
3.800822496414184570e+00
3.800822496414184570e+00
3.800822496414184570e+00
5.109538555145263672e+00
5.900788784027099609e+00
5.900788784027099609e+00
5.900788784027099609e+00
5.900788784027099609e+00
5.508831024169921875e+00
3.718605756759643555e+00
3.718605756759643555e+00
5.262952804565429688e+00
8.388217926025390625e+00
4.003046035766601562e+00
4.003046035766601562e+00
4.003046035766601562e+00
4.003046035766601562e+00
4.003046035766601562e+00
4.003046035766601562e+00
4.003046035766601562e+00
4.003046035766601562e+00
4.833219528198242188e+00
7.301860332489013672e+00
7.301860332489013672e+00
7.301860332489013672e+00
7.301860332489013672e+00
7.301860332489013672e+00
4.846237659454345703e+00
4.846237659454345703e+00
5.068334579467773438e+00
5.003838062286376953e+00
6.364877223968505859e+00
6.364876270294189453e+00
6.364877223968505859e+00
6.364876270294189453e+00
6.364877223968505859e+00
6.364876270294189453e+00
6.364877223968505859e+00
6.364876270294189453e+00
6.785125732421875000e+00
6.785125732421875000e+00
6.785125732421875000e+00
6.785125732421875000e+00
6.785125732421875000e+00
6.785125732421875000e+00
6.785125732421875000e+00
7.922624111175537109e+00
7.922624111175537109e+00
7.922624111175537109e+00
7.922624111175537109e+00
8.641343116760253906e+00
8.641343116760253906e+00
8.641343116760253906e+00
8.641343116760253906e+00
8.641343116760253906e+00
5.130713939666748047e+00
5.130714416503906250e+00
5.570049762725830078e+00
5.570049762725830078e+00
5.570049762725830078e+00
5.570049762725830078e+00
5.778729438781738281e+00
5.778729438781738281e+00
5.778729438781738281e+00
5.784574508666992188e+00
5.784574508666992188e+00
5.784574508666992188e+00
5.784574508666992188e+00
4.366010665893554688e+00
4.366010665893554688e+00
4.366010665893554688e+00
4.366010665893554688e+00
4.336388587951660156e+00
4.336388587951660156e+00
8.430436134338378906e+00
8.430436134338378906e+00
5.823817729949951172e+00
5.823817729949951172e+00
5.823817729949951172e+00
5.823817729949951172e+00
5.823817729949951172e+00
5.823817729949951172e+00
5.823817729949951172e+00
5.823817729949951172e+00
5.823817729949951172e+00
5.823817729949951172e+00
5.823817729949951172e+00
5.823817729949951172e+00
5.823817729949951172e+00
5.823817729949951172e+00
7.633540630340576172e+00
7.633540630340576172e+00
7.633540630340576172e+00
7.633540630340576172e+00
4.639817714691162109e+00
4.639817714691162109e+00
4.639817714691162109e+00
4.639817714691162109e+00
4.546648025512695312e+00
9.135503768920898438e+00
4.943082809448242188e+00
4.943082809448242188e+00
4.943082809448242188e+00
4.943082809448242188e+00
4.943082809448242188e+00
4.943082809448242188e+00
5.980989456176757812e+00
5.980989456176757812e+00
5.980989456176757812e+00
5.980989456176757812e+00
5.980989456176757812e+00
5.980989456176757812e+00
5.980989456176757812e+00
5.980989456176757812e+00
5.980989456176757812e+00
5.980989456176757812e+00
5.980989456176757812e+00
5.980989456176757812e+00
5.980989456176757812e+00
5.980989456176757812e+00
5.980989456176757812e+00
5.980989456176757812e+00
6.149741649627685547e+00
6.149741649627685547e+00
6.149741649627685547e+00
6.149741649627685547e+00
6.149741649627685547e+00
6.149741649627685547e+00
6.149741649627685547e+00
6.149741649627685547e+00
6.149741649627685547e+00
6.149741649627685547e+00
6.771473407745361328e+00
5.253626823425292969e+00
5.253626823425292969e+00
4.943614482879638672e+00
4.943614482879638672e+00
4.943614482879638672e+00
4.943614482879638672e+00
5.466453552246093750e+00
5.466453552246093750e+00
5.212513446807861328e+00
5.212513446807861328e+00
5.212513446807861328e+00
5.212513446807861328e+00
5.212513446807861328e+00
5.212513446807861328e+00
9.853537559509277344e+00
9.853537559509277344e+00
9.853537559509277344e+00
8.209042549133300781e+00
8.209042549133300781e+00
8.209042549133300781e+00
8.209042549133300781e+00
9.343436241149902344e+00
9.343436241149902344e+00
6.385070323944091797e+00
6.385070323944091797e+00
6.385070323944091797e+00
6.385070323944091797e+00
6.385070323944091797e+00
3.909431457519531250e+00
6.801938056945800781e+00
6.801938056945800781e+00
6.801938056945800781e+00
6.801938056945800781e+00
6.801938056945800781e+00
5.150027751922607422e+00
5.150027751922607422e+00
5.150027751922607422e+00
5.150027751922607422e+00
5.150027751922607422e+00
5.150027751922607422e+00
5.150027751922607422e+00
5.150027751922607422e+00
5.150027751922607422e+00
6.396173477172851562e+00
6.396173477172851562e+00
6.396173477172851562e+00
6.396173477172851562e+00
6.396173477172851562e+00
6.396173477172851562e+00
4.975029468536376953e+00
4.975029468536376953e+00
4.814229965209960938e+00
4.814229965209960938e+00
4.814229965209960938e+00
4.814229965209960938e+00
6.837005615234375000e+00
6.837005615234375000e+00
6.837005615234375000e+00
8.578104019165039062e+00
8.578104019165039062e+00
8.578104019165039062e+00
8.578104019165039062e+00
7.602569580078125000e+00
7.602569580078125000e+00
7.602569580078125000e+00
7.602569580078125000e+00
7.602569580078125000e+00
7.602569580078125000e+00
7.602569580078125000e+00
7.602569580078125000e+00
3.695134878158569336e+00
3.695134878158569336e+00
3.695134878158569336e+00
4.502486705780029297e+00
4.502486705780029297e+00
5.699218273162841797e+00
5.699218273162841797e+00
5.699218273162841797e+00
5.699218273162841797e+00
4.148626804351806641e+00
4.148627281188964844e+00
8.213623046875000000e+00
8.213623046875000000e+00
8.213623046875000000e+00
8.213623046875000000e+00
8.213623046875000000e+00
8.213623046875000000e+00
8.213623046875000000e+00
8.213623046875000000e+00
8.213623046875000000e+00
4.739274978637695312e+00
4.739274978637695312e+00
6.728384017944335938e+00
6.728384017944335938e+00
6.728384017944335938e+00
6.728384017944335938e+00
6.728384017944335938e+00
3.747895240783691406e+00
3.747895240783691406e+00
3.747895240783691406e+00
7.876871109008789062e+00
7.876871109008789062e+00
7.876871109008789062e+00
7.876871109008789062e+00
4.611283302307128906e+00
4.611283302307128906e+00
4.611283302307128906e+00
4.611283302307128906e+00
4.611283302307128906e+00
4.611283302307128906e+00
4.611283302307128906e+00
4.611283302307128906e+00
4.611283302307128906e+00
4.506091594696044922e+00
4.872924327850341797e+00
6.782201766967773438e+00
6.782201766967773438e+00
6.725928783416748047e+00
6.725928783416748047e+00
8.936473846435546875e+00
8.936473846435546875e+00
8.936473846435546875e+00
8.936473846435546875e+00
8.936473846435546875e+00
8.936473846435546875e+00
8.936473846435546875e+00
8.936473846435546875e+00
8.936473846435546875e+00
8.936473846435546875e+00
6.270066738128662109e+00
6.270066738128662109e+00
6.270066738128662109e+00
6.270066738128662109e+00
6.270066738128662109e+00
6.270066738128662109e+00
6.270066738128662109e+00
6.270066738128662109e+00
6.270066738128662109e+00
5.501361370086669922e+00
6.963424205780029297e+00
6.963424205780029297e+00
7.305472850799560547e+00
7.305472850799560547e+00
7.305472850799560547e+00
7.305472850799560547e+00
7.305472850799560547e+00
7.305472850799560547e+00
5.104432582855224609e+00
5.104432582855224609e+00
5.241592884063720703e+00
5.241592884063720703e+00
7.523368358612060547e+00
7.523368358612060547e+00
7.523368358612060547e+00
4.326223373413085938e+00
4.326223373413085938e+00
4.326223373413085938e+00
4.326223373413085938e+00
4.326223373413085938e+00
4.337955951690673828e+00
4.337955951690673828e+00
4.337955951690673828e+00
4.337955951690673828e+00
4.337955951690673828e+00
4.337955951690673828e+00
7.640450000762939453e+00
5.330911636352539062e+00
3.695787668228149414e+00
3.695787668228149414e+00
3.695787668228149414e+00
6.777842998504638672e+00
6.777842998504638672e+00
6.777842998504638672e+00
6.777842998504638672e+00
6.777842998504638672e+00
6.777842998504638672e+00
6.777842998504638672e+00
6.176302909851074219e+00
6.176302909851074219e+00
6.176302909851074219e+00
6.176302909851074219e+00
6.176302909851074219e+00
5.858953475952148438e+00
5.858953952789306641e+00
5.858953475952148438e+00
8.413336753845214844e+00
8.413336753845214844e+00
8.413336753845214844e+00
8.413336753845214844e+00
8.413336753845214844e+00
4.778755187988281250e+00
4.778755187988281250e+00
7.131304740905761719e+00
7.131304740905761719e+00
4.116672992706298828e+00
4.116672992706298828e+00
4.116672992706298828e+00
7.068585395812988281e+00
7.068585395812988281e+00
7.068585395812988281e+00
7.068585395812988281e+00
7.068585395812988281e+00
7.068585395812988281e+00
7.068585395812988281e+00
7.068585395812988281e+00
6.910646438598632812e+00
6.910645961761474609e+00
6.910646438598632812e+00
6.910645961761474609e+00
6.910646438598632812e+00
6.910645961761474609e+00
6.910646438598632812e+00
6.910645961761474609e+00
6.910646438598632812e+00
6.910645961761474609e+00
6.910646438598632812e+00
4.331521511077880859e+00
4.331521511077880859e+00
5.298516273498535156e+00
5.298516273498535156e+00
5.298516273498535156e+00
5.298516273498535156e+00
5.298516273498535156e+00
5.298516273498535156e+00
5.298516273498535156e+00
5.213846683502197266e+00
4.834188938140869141e+00
4.834188938140869141e+00
4.942792415618896484e+00
4.942792415618896484e+00
4.942792415618896484e+00
4.942792415618896484e+00
4.942792415618896484e+00
4.942792415618896484e+00
4.677727222442626953e+00
4.677727222442626953e+00
4.677727222442626953e+00
